1350.11
1683.44
1894.04
1008.08
1516.16
1861.62
1963.40
1496.51
118.91
589.07
906.60
566.45
1319.58
1448.70
693.69
669.70
1935.64
1766.49
797.83
299.03
248.92
1615.51
154.58
859.13
1875.75
1292.32
393.90
1972.40
1830.24
238.51
703.68
1721.06
843.11
1532.42
339.10
1490.70
1777.86
1782.54
1201.59
262.06
39.21
642.76
1866.62
1429.91
1672.07
908.28
368.84
1004.69
472.05
1354.94
691.55
848.34
574.61
1153.10
555.20
931.93
800.42
614.84
749.58
239.58
1736.44
1544.82
456.39
762.26
662.53
1137.73
825.31
1961.11
1466.65
1842.67
301.04
1593.21
162.55
190.34
1897.59
253.65
579.11
593.46
425.88
1962.65
725.39
406.67
1673.69
213.32
308.52
1423.48
749.01
651.23
898.98
1059.08
441.40
1363.79
717.20
1480.60
1460.03
250.72
832.62
1574.07
1248.14
1857.08
447.57
302.19
241.21
303.60
1693.99
905.38
1435.15
1729.55
1836.06
1071.85
654.89
1330.02
136.14
1647.83
1780.21
997.02
1577.57
1439.95
1513.53
195.95
1083.98
1861.78
1813.51
99.23
1906.31
787.23
1871.69
810.19
1747.17
1770.92
870.28
631.28
858.83
617.55
1983.15
81.55
85.29
1470.18
697.86
13.73
1707.87
1554.68
263.97
1207.17
803.24
1542.58
971.55
1917.47
1851.65
1581.95
1419.02
155.16
380.17
782.67
1900.11
1279.19
1890.50
821.55
379.45
532.32
658.13
960.48
797.71
1902.17
339.89
538.48
696.07
1657.73
440.96
1070.72
466.21
1280.28
704.74
1667.48
1210.63
1810.66
940.73
549.13
58.18
392.16
1118.02
1443.11
733.04
216.58
201.39
1523.63
517.10
1767.61
397.26
966.30
1279.05
746.63
1228.77
1453.32
1214.92
908.50
1435.35
1563.55
1871.99
406.81
1439.40
1482.56
367.63
717.98
1955.42
846.71
283.79
1017.55
1463.33
137.11
1922.69
1243.20
187.81
1958.43
1980.83
975.90
3.30
264.46
183.03
892.71
148.40
1372.27
1229.37
1974.98
963.55
1274.57
1857.28
830.15
1113.70
1541.58
821.58
796.75
18.80
1130.99
549.97
1437.63
912.71
216.62
738.27
1783.34
1493.13
1375.08
1671.74
30.31
138.54
1656.93
793.26
93.89
1605.38
399.29
88.87
1213.73
751.26
759.56
50.72
611.65
257.28
1073.76
99.09
1378.61
1014.74
595.48
205.63
570.52
141.01
432.65
1908.23
582.71
136.51
159.35
31.21
1252.56
109.09
945.87
1511.82
209.60
768.94
600.92
1829.72
256.63
720.41
1762.55
1212.37
1428.36
1149.90
1815.66
1767.00
471.55
435.29
1246.92
402.57
193.06
1354.41
370.57
660.13
1142.88
698.93
1724.66
1773.93
532.97
1243.33
1371.43
329.80
766.97
1204.79
1696.53
902.66
941.88
1608.11
417.61
403.73
424.78
1587.74
316.58
263.25
1038.92
1630.43
1635.69
1882.90
285.85
939.72
1491.08
146.77
1542.64
283.51
631.35
86.99
1747.07
499.14
1929.22
561.79
710.45
487.94
447.45
521.64
762.75
1672.35
1467.22
958.86
612.77
921.51
802.18
1195.21
988.19
1027.42
1159.54
1537.26
74.72
92.50
876.88
573.22
1737.15
1610.70
1876.03
121.02
1099.29
1240.40
519.34
352.79
825.72
960.09
1492.40
480.29
1050.90
1949.00
345.40
1894.32
1335.25
320.48
1398.38
1683.70
776.49
1063.57
1254.02
503.54
260.32
1430.13
601.16
1908.47
1927.78
1961.65
1724.10
282.48
1675.84
863.02
1666.97
454.67
209.82
1375.25
1146.16
1815.62
658.01
178.86
1863.02
432.47
302.79
914.47
512.05
244.36
1451.89
1359.80
1787.25
256.52
1326.07
716.02
512.55
435.05
1495.82
1485.04
1463.87
674.60
1401.95
212.95
491.91
255.54
811.76
1245.60
1405.50
1815.33
1875.45
844.27
1807.14
1208.58
685.38
780.45
1216.31
1904.84
1465.61
1794.05
1830.05
1374.72
998.93
1553.85
1985.08
241.04
1857.20
253.81
382.40
859.03
1657.32
449.08
787.46
1226.17
1513.32
1477.68
1038.69
1784.37
211.29
893.05
1279.58
1625.66
1357.87
1193.15
646.13
1171.51
73.18
479.41
1653.49
1949.25
760.39
1145.98
300.45
104.87
1697.42
822.24
979.07
1691.66
1468.95
1210.99
1982.53
1651.94
1258.45
281.29
98.43
1736.14
1292.01
1350.56
1243.11
1384.93
1391.34
1674.04
1464.09
439.73
266.85
380.01
1642.25
12.92
1319.66
35.84
507.83
1919.70
1492.89
25.88
213.96
115.93
1754.40
543.85
103.97
37.38
238.24
1078.64
524.32
280.21
144.48
1050.41
1221.23
1794.04
1464.16
1482.92
1505.82
836.01
1391.50
1362.72
82.28
1046.88
418.36
1020.38
1055.52
1626.81
497.81
1322.55
571.67
897.01
1432.84
1652.89
1301.75
1675.94
1361.89
827.69
1596.26
438.67
1387.17
794.78
85.20
875.65
1096.16
1627.79
1815.80
555.65
1876.23
284.17
232.26
1050.19
40.03
310.41
8.85
1109.25
1996.98
456.35
1471.78
1558.72
1625.23
1863.31
530.70
927.90
1399.70
1565.14
427.04
1471.68
376.58
1128.18
1261.01
1409.67
653.16
1596.30
1224.23
1033.41
1409.33
475.66
862.03
1025.61
1471.05
394.18
1027.05
399.59
1989.68
842.09
497.17
1834.21
1737.00
1161.75
373.41
1014.21
1203.35
1315.54
1722.43
452.65
476.07
1057.38
1094.61
627.83
53.66
92.14
856.54
571.10
1678.66
422.44
912.26
1922.17
504.42
38.37
1513.21
942.80
681.58
1028.09
726.93
1706.62
1883.70
30.10
967.92
1370.31
186.37
914.32
935.36
418.34
744.80
1951.85
730.86
1182.21
756.45
1833.99
1021.99
1753.07
247.51
449.66
628.34
88.83
1561.98
574.30
1671.39
1871.61
1767.04
1964.80
1730.51
128.22
1709.58
718.81
155.95
1994.60
1942.14
475.64
128.27
742.10
73.50
360.05
1768.33
318.09
309.30
1713.02
562.68
1655.53
1348.30
948.87
1042.50
1109.66
1861.99
938.47
671.65
1119.03
1477.57
928.58
30.68
1803.52
1003.92
1944.29
1711.05
653.55
459.94
501.29
1943.17
861.68
897.53
157.17
1052.74
1871.36
210.13
993.07
920.20
492.59
15.08
165.14
1623.92
1970.63
546.93
1163.88
807.20
255.14
1227.48
1293.12
1248.43
447.51
625.38
1027.23
1115.37
840.57
1603.84
1582.62
770.73
302.31
1045.94
562.70
678.74
431.47
665.97
1206.00
797.57
644.63
497.44
18.83
259.81
820.38
1640.86
1087.06
949.92
1890.81
1652.93
192.47
102.07
349.79
1353.48
179.87
1023.86
549.68
1950.26
1128.88
305.22
554.82
189.09
1251.52
586.22
239.89
1278.65
295.92
635.28
1506.30
394.62
80.70
850.94
608.34
803.52
1379.14
574.70
101.29
1118.26
1349.55
1425.78
1424.22
1677.17
202.07
1655.12
1620.78
1326.26
1754.77
250.62
1941.74
1114.94
215.30
1991.36
4.42
721.15
558.16
1186.56
1887.76
11.81
1944.84
609.35
615.13
1575.76
121.14
1495.62
1018.06
1183.34
735.64
1280.25
1713.40
234.36
1756.04
296.01
1686.82
511.45
725.90
36.75
443.99
1341.76
1773.59
632.36
1738.72
1839.08
216.63
61.11
148.00
873.03
1194.41
1482.79
1125.45
1912.20
1162.84
1229.21
368.28
1314.22
1117.92
648.88
1123.20
937.23
1320.90
1240.07
346.35
575.77
1354.25
1412.59
954.85
1640.08
627.17
687.33
870.99
1631.38
1858.67
1665.39
1659.44
1202.99
472.26
633.35
751.08
756.91
1366.88
1412.51
1355.93
642.66
395.17
5.85
1714.70
1195.37
674.41
1482.23
515.07
529.63
652.35
528.30
299.25
975.40
62.45
1368.03
1368.79
528.67
807.83
1118.33
460.55
1539.74
1520.71
16.88
1000.66
1669.33
1797.89
1162.58
600.87
1135.39
518.93
1776.88
1459.40
810.75
1524.57
1542.33
735.45
98.81
987.47
331.52
1257.59
194.14
1943.49
803.63
41.27
860.52
1123.34
654.99
1820.86
1556.29
269.58
1536.17
1415.62
872.07
992.06
827.84
1228.66
894.29
133.86
368.76
120.09
616.21
996.50
290.61
158.61
1044.53
389.20
1034.23
1817.49
1689.89
896.39
919.43
1863.96
471.28
564.59
1301.97
48.36
373.32
152.67
1140.75
423.96
1972.83
1617.13
1665.58
928.51
644.21
214.31
1134.40
1897.44
966.02
1284.22
36.33
1029.45
874.73
1929.09
1185.61
734.47
12.00
46.78
501.52
57.18
934.13
499.92
803.93
1990.89
1891.95
1597.83
1125.89
1188.42
767.28
565.61
497.96
1992.75
1982.50
1718.90
809.26
794.38
458.95
405.58
1921.82
273.23
1045.04
1376.24
553.98
593.71
1048.76
72.07
41.97
1717.58
297.41
116.74
259.04
109.59
1394.40
220.75
328.74
1004.27
1847.05
270.03
1830.67
1497.75
630.60
1974.87
175.32
1825.56
1729.41
135.51
1686.60
190.26
604.38
622.51
1353.01
1817.64
954.30
651.10
1237.86
3.88
644.01
1164.93
1951.52
1588.15
781.08
29.32
149.23
409.99
42.31
1136.22
600.18
461.03
597.02
1287.57
380.23
1381.77
561.56